0
15
19
46
48
68
97
110
153
192
256
262
295
310
318
382
446
510
574
613
625
652
692
756
820
856
920
984
1016
1080
1144
1185
1227
1262
1292
1300
1364
1428
1446
1510
1574
1599
1645
1658
1689
1690
1694
1758
1822
1886
1950
1965
1968
2000
2064
2071
2075
2093
2130
2132
2167
2192
2213
2264
2266
2302
2312
2314
2322
2327
2328
2333
2397
2412
2476
2501
2503
2508
2556
2589
2595
2603
2605
2606
2645
2666
2699
2707
2771
2778
2789
2812
2845
2903
2905
2950
2954
2999
3030
3038
3062
3074
3111
3145
3207
3211
3217
3248
3260