0
7
8
38
44
55
63
79
94
98
99
107
113
140
151
215
279
298
301
318
352
355
361
363
365
398
436
467
475
517
520
522
524
526
537
576
580
601
615
650
652
716
780
820
824
883
899
908
933
972
1023
1053
1057
1119
1129
1183
1219
1224
1226
1230
1245
1290
1304
1305
1307
1308
1329
1366
1367
1431
1447
1455
1460
1482
1513
1546
1556
1612
1614
1632
1652
1676
1678
1683
1685
1706
1709
1712
1725
1727
1729
1739
1741
1745
1751
1781
1799
1802
1806
1808
1809
1812
1818
1833
1839
1857
1858
1871
1881
1908
1912
1926
1981
1987
2011
2030
2034
2052
2116
2171
2173
2179
2180
2184
2190
2239
2250
2254
2316
2355
2371
2373