53
54
55
56
57
67
68
69
70
71
131
132
133
134
135
141
142
143
144
145
205
206
207
208
209
269
270
271
272
273
333
334
335
336
337
397
398
399
400
401
461
462
463
464
465
467
468
469
470
471
479
480
481
482
483
505
506
507
508
509
569
570
571
572
573
587
588
589
590
591
613
614
615
616
617
677
678
679
680
681
685
686
687
688
689
691
692
693
694
695
708
709
710
711
712
729
730
731
732
733
793
794
795
796
797
857
858
859
860
861
921
922
923
924
925
985
986
987
988
989
1023
1024
1025
1026
1027
1040
1041
1042
1043
1044
1067
1068
1069
1070
1071
1122
1123
1124
1125
1126
1176
1177
1178
1179
1180
1187
1188
1189
1190
1191
1241
1242
1243
1244
1245
1263
1264
1265
1266
1267