0
1
2
3
4
64
65
66
67
68
128
129
130
131
132
143
144
145
146
147
151
152
153
154
155
180
181
182
183
184
244
245
246
247
248
308
309
310
311
312
344
345
346
347
348
408
409
410
411
412
462
463
464
465
466
477
478
479
480
481
541
542
543
544
545
605
606
607
608
609
669
670
671
672
673
733
734
735
736
737
797
798
799
800
801
861
862
863
864
865
925
926
927
928
929
989
990
991
992
993
1024
1025
1026
1027
1028
1088
1089
1090
1091
1092
1152
1153
1154
1155
1156
1216
1217
1218
1219
1220
1280
1281
1282
1283
1284
1296
1297
1298
1299
1300
1360
1361
1362
1363
1364
1397
1398
1399
1400
1401
1461
1462
1463
1464
1465
1525
1526
1527
1528
1529
1555
1556
1557
1558
1559
1619
1620
1621
1622
1623
1683
1684
1685
1686
1687
1690
1691
1692
1693
1694
1722
1723
1724
1725
1726
1786
1787
1788
1789
1790
1850
1851
1852
1853
1854
1914
1915
1916
1917
1918
1978
1979
1980
1981
1982
2042
2043
2044
2045
2046
2103
2104
2105
2106
2107
2167
2168
2169
2170
2171
2198
2199
2200
2201
2202
2211
2212
2213
2214
2215
2221
2222
2223
2224
2225
2261
2262
2263
2264
2265
2309
2310
2311
2312
2313
2372
2373
2374
2375
2376
2381
2382
2383
2384
2385