0
1
2
3
25
26
27
28
29
47
48
49
50
51
106
107
108
109
110
130
131
132
133
134
194
195
196
197
198
258
259
260
261
262
306
307
308
309
310
370
371
372
373
374
434
435
436
437
438
450
451
452
453
454
471
472
473
474
475
535
536
537
538
539
599
600
601
602
603
663
664
665
666
667
727
728
729
730
731
791
792
793
794
795
818
819
820
821
822
836
837
838
839
840
900
901
902
903
904
964
965
966
967
968
1028
1029
1030
1031
1032
1047
1048
1049
1050
1051
1111
1112
1113
1114
1115
1175
1176
1177
1178
1179
1208
1209
1210
1211
1212
1213
1214
1215
1216
1276
1277
1278
1279
1280
1340
1341
1342
1343
1344
1404
1405
1406
1407
1408
1410
1411
1412
1413
1414
1450
1451
1452
1453
1454
1514
1515
1516
1517
1518
1578
1579
1580
1581
1582
1612
1613
1614
1615
1616
1676
1677
1678
1679
1680
1724
1725
1726
1727
1728
1732
1733
1734
1735
1736
1796
1797
1798
1799
1800
1860
1861
1862
1863
1864
1924
1925
1926
1927
1928
1988
1989
1990
1991
1992
2004
2005
2006
2007
2008
2042
2043
2044
2045
2046
2096
2097
2098
2099
2100
2106
2107
2108
2109
2110
2170
2171
2172
2173
2174
2185
2186
2187
2188
2189
2201
2202
2203
2204
2205
2265
2266
2267
2268
2269
2329
2330
2331
2332
2333
2388
2389
2390
2391
2392
2452
2453
2454
2455
2456
2516
2517
2518
2519
2520
2580
2581
2582
2583
2584
2644
2645
2646
2647
2648
2659
2660
2661
2662
2663
2690
2691
2692
2693
2694
2754
2755
2756
2757
2758
2761
2762
2763
2764
2765
2825
2826
2827
2828
2829
2889
2890
2891
2892
2893
2953
2954
2955
2956
2957
2984
2985
2986
2987
2988
2994
2995
2996
2997
2998
3033
3034
3035
3036
3037
3055
3056
3057
3058
3059
3115
3116
3117
3118
3119
3122
3123
3124
3125
3126
3173
3174
3175
3176
3177