42
43
44
45
46
47
48
49
50
51
52
107
108
109
110
111
112
113
114
117
118
119
120
121
181
182
183
184
185
245
246
247
248
249
309
310
311
312
313
373
374
375
376
377
437
438
439
440
441
501
502
503
504
505
565
566
567
568
569
625
626
627
628
629
689
690
691
692
693
694
695
696
717
718
719
720
721
740
741
742
743
744
804
805
806
807
808
809
810
870
871
872
873
874
934
935
936
937
938
998
999
1000
1001
1002
1062
1063
1064
1065
1066
1074
1075
1076
1077
1078
1104
1105
1106
1107
1108
1128
1129
1130
1131
1132
1166
1167
1168
1169
1170
1185
1186
1187
1188
1189
1226
1227
1228
1229
1230
1253
1254
1255
1256
1257
1261
1262
1263
1264
1265
1325
1326
1327
1328
1329
1389
1390
1391
1392
1393
1453
1454
1455
1456
1457
1517
1518
1519
1520
1521
1581
1582
1583
1584
1585
1645
1646
1647
1648
1649
1709
1710
1711
1712
1713
1773
1774
1775
1776
1777
1837
1838
1839
1840
1841
1901
1902
1903
1904
1905
1965
1966
1967
1968
1969
2029
2030
2031
2032
2033
2093
2094
2095
2096
2097
2135
2136
2137
2138
2139
2199
2200
2201
2202
2203
2263
2264
2265
2266
2267
2327
2328
2329
2330
2331
2363
2364
2365
2366
2367
2368
2369
2370
2385
2386
2387
2388
2389
2449
2450
2451
2452
2453
2461
2462
2463
2464
2465
2525
2526
2527
2528
2529
2589
2590
2591
2592
2593
2620
2621
2622
2623
2624
2625
2628
2629
2630
2631
2632