66
67
68
69
70
77
78
79
80
81
100
101
102
103
104
164
165
166
167
168
228
229
230
231
232
279
280
281
282
283
294
295
296
297
298
358
359
360
361
362
422
423
424
425
426
486
487
488
489
490
550
551
552
553
554
614
615
616
617
618
678
679
680
681
682
742
743
744
745
746
766
767
768
769
770
813
814
815
816
817
820
821
822
823
824
858
859
860
861
862
922
923
924
925
926
986
987
988
989
990
1050
1051
1052
1053
1054
1114
1115
1116
1117
1118
1171
1172
1173
1174
1175
1176
1177
1178
1188
1189
1190
1191
1192
1237
1238
1239
1240
1241
1278
1279
1280
1281
1282
1286
1287
1288
1289
1290
1340
1341
1342
1343
1344