0
1
2
10
11
12
13
14
26
27
28
29
30
31
32
33
34
35
63
64
65
66
67
127
128
129
130
131
191
192
193
194
195
255
256
257
258
259
261
262
263
264
265
291
292
293
294
295
355
356
357
358
359
419
420
421
422
423
483
484
485
486
487
547
548
549
550
551
611
612
613
614
615
671
672
673
674
675
707
708
709
710
711
771
772
773
774
775
785
786
787
788
789
797
798
799
800
801
810
811
812
813
814
831
832
833
834
835
895
896
897
898
899
925
926
927
928
929
932
933
934
935
936
996
997
998
999
1000
1011
1012
1013
1014
1015
1021
1022
1023
1024
1025
1081
1082
1083
1084
1085
1086
1087
1098
1099
1100
1101
1102
1143
1144
1145
1146
1147
1186
1187
1188
1189
1190
1206
1207
1208
1209
1210
1216
1217
1218
1219
1220
1221
1222
1242
1243
1244
1245
1246
1254
1255
1256
1257
1258
1274
1275
1276
1277
1278
1338
1339
1340
1341
1342
1350
1351
1352
1353
1354
1355
1356
1357
1358
1363
1364
1365
1366
1367
1372
1373
1374
1375
1376
1379
1380
1381
1382
1383
1396
1397
1398
1399
1400
1431
1432
1433
1434
1435
1494
1495
1496
1497
1498
1558
1559
1560
1561
1562
1590
1591
1592
1593
1594
1595
1596
1597
1598
1599
1617
1618
1619
1620
1621
1665
1666
1667
1668
1669