9
10
11
12
13
31
32
33
34
35
55
56
57
58
59
119
120
121
122
123
183
184
185
186
187
247
248
249
250
251
311
312
313
314
315
375
376
377
378
379
439
440
441
442
443
503
504
505
506
507
567
568
569
570
571
588
589
590
591
592
593
594
595
655
656
657
658
659
660
661
662
677
678
679
680
681
726
727
728
729
730
752
753
754
755
756
775
776
777
778
779
796
797
798
799
800
830
831
832
833
834
859
860
861
862
863
872
873
874
875
876
908
909
910
911
912
913
973
974
975
976
977
1037
1038
1039
1040
1041
1052
1053
1054
1055
1056
1086
1087
1088
1089
1090
1127
1128
1129
1130
1131
1191
1192
1193
1194
1195
1228
1229
1230
1231
1232
1292
1293
1294
1295
1296
1316
1317
1318
1319
1320
1321
1381
1382
1383
1384
1385
1386
1387
1388
1389
1449
1450
1451
1452
1453
1513
1514
1515
1516
1517
1577
1578
1579
1580
1581
1641
1642
1643
1644
1645
1705
1706
1707
1708
1709
1769
1770
1771
1772
1773
1833
1834
1835
1836
1837
1897
1898
1899
1900
1901
1961
1962
1963
1964
1965
2025
2026
2027
2028
2029
2089
2090
2091
2092
2093
2128
2129
2130
2131
2132
2158
2159
2160
2161
2162
2163
2164
2165
2166
2167
2227
2228
2229
2230
2231
2248
2249
2250
2251
2252
2289
2290
2291
2292
2293
2353
2354
2355
2356
2357
2417
2418
2419
2420
2421
2481
2482
2483
2484
2485
2545
2546
2547
2548
2549
2567
2568
2569
2570
2571
2601
2602
2603
2604
2605
2665
2666
2667
2668
2669
2729
2730
2731
2732
2733
2793
2794
2795
2796
2797
2857
2858
2859
2860
2861
2921
2922
2923
2924
2925
2954
2955
2956
2957
2958
3018
3019
3020
3021
3022
3023
3024
3025
3026
3027
3087
3088
3089
3090
3091
3151
3152
3153
3154
3155
3215
3216
3217
3218
3219
3279
3280
3281
3282
3283
3343
3344
3345
3346
3347
3407
3408
3409
3410
3411
3438
3439
3440
3441
3442
3502
3503
3504
3505
3506
3562
3563
3564
3565
3566
3588
3589
3590
3591
3592
3648
3649
3650
3651
3652
3689
3690
3691
3692
3693
3753
3754
3755
3756
3757
3817
3818
3819
3820
3821
3872
3873
3874
3875
3876
3936
3937
3938
3939
3940
4000
4001
4002
4003
4004
4022
4023
4024
4025
4026
4027
4028
4029
4030
4031
4035
4036
4037
4038
4039
4052
4053
4054
4055
4056
4069
4070
4071
4072
4073
4133
4134
4135
4136
4137
4154
4155
4156
4157
4158
4163
4164
4165
4166
4167
4227
4228
4229
4230
4231
4264
4265
4266
4267
4268
4317
4318
4319
4320
4321
4381
4382
4383
4384
4385
4391
4392
4393
4394
4395
4396
4397
4398
4447
4448
4449
4450
4451
4452
4453
4454
4455
4506
4507
4508
4509
4510
4513
4514
4515
4516
4517
4524
4525
4526
4527
4528
4529
4530
4531
4532
4538
4539
4540
4541
4542