11
33
57
121
185
249
313
377
441
505
569
590
593
657
660
679
728
754
777
798
832
861
874
910
911
975
1039
1054
1088
1129
1193
1230
1294
1318
1319
1383
1387
1451
1515
1579
1643
1707
1771
1835
1899
1963
2027
2091
2130
2160
2165
2229
2250
2291
2355
2419
2483
2547
2569
2603
2667
2731
2795
2859
2923
2956
3020
3025
3089
3153
3217
3281
3345
3409
3440
3504
3564
3590
3650
3691
3755
3819
3874
3938
4002
4024
4029
4037
4054
4071
4135
4156
4165
4229
4266
4319
4383
4393
4394
4396
4449
4453
4508
4515
4526
4530
4540