65
66
67
68
69
129
130
131
132
133
134
135
136
137
138
139
140
141
142
143
144
145
146
195
196
197
198
199
200
201
202
203
204
211
212
213
214
215
275
276
277
278
279
290
291
292
293
294
354
355
356
357
358
418
419
420
421
422
482
483
484
485
486
546
547
548
549
550
610
611
612
613
614
647
648
649
650
651
656
657
658
659
660
720
721
722
723
724
725
762
763
764
765
766
826
827
828
829
830
890
891
892
893
894
896
897
898
899
900
941
942
943
944
945
967
968
969
970
971
1015
1016
1017
1018
1019
1079
1080
1081
1082
1083
1084
1085
1086
1146
1147
1148
1149
1150
1210
1211
1212
1213
1214
1241
1242
1243
1244
1245
1246
1247
1248
1249
1250
1260
1261
1262
1263
1264
1293
1294
1295
1296
1297
1357
1358
1359
1360
1361
1421
1422
1423
1424
1425
1433
1434
1435
1436
1437
1442
1443
1444
1445
1446