0
1
2
8
9
10
11
12
65
66
67
68
69
129
130
131
132
133
193
194
195
196
197
257
258
259
260
261
321
322
323
324
325
385
386
387
388
389
449
450
451
452
453
513
514
515
516
517
577
578
579
580
581
613
614
615
616
617
639
640
641
642
643
703
704
705
706
707
767
768
769
770
771
831
832
833
834
835
895
896
897
898
899
959
960
961
962
963
981
982
983
984
985
1019
1020
1021
1022
1023
1027
1028
1029
1030
1031
1091
1092
1093
1094
1095
1153
1154
1155
1156
1157
1216
1217
1218
1219
1220
1260
1261
1262
1263
1264
1310
1311
1312
1313
1314
1315
1375
1376
1377
1378
1379
1439
1440
1441
1442
1443
1455
1456
1457
1458
1459
1519
1520
1521
1522
1523
1583
1584
1585
1586
1587
1591
1592
1593
1594
1595
1596
1597
1598
1599
1604
1605
1606
1607
1608
1668
1669
1670
1671
1672
1732
1733
1734
1735
1736
1771
1772
1773
1774
1775
1788
1789
1790
1791
1792
1852
1853
1854
1855
1856
1857
1858
1859
1860
1887
1888
1889
1890
1891
1951
1952
1953
1954
1955
2015
2016
2017
2018
2019
2079
2080
2081
2082
2083
2143
2144
2145
2146
2147
2174
2175
2176
2177
2178
2238
2239
2240
2241
2242
2271
2272
2273
2274
2275
2306
2307
2308
2309
2310
2320
2321
2322
2323
2324