0
1
2
3
4
5
6
7
67
68
69
70
71
118
119
120
121
122
182
183
184
185
186
246
247
248
249
250
310
311
312
313
314
374
375
376
377
378
416
417
418
419
420
480
481
482
483
484
544
545
546
547
548
596
597
598
599
600
660
661
662
663
664
724
725
726
727
728
788
789
790
791
792
807
808
809
810
811
871
872
873
874
875
910
911
912
913
914
968
969
970
971
972
992
993
994
995
996
1009
1010
1011
1012
1013
1030
1031
1032
1033
1034
1094
1095
1096
1097
1098
1116
1117
1118
1119
1120
1180
1181
1182
1183
1184
1204
1205
1206
1207
1208
1213
1214
1215
1216
1217
1223
1224
1225
1226
1227
1287
1288
1289
1290
1291
1314
1315
1316
1317
1318
1354
1355
1356
1357
1358
1390
1391
1392
1393
1394
1454
1455
1456
1457
1458
1459
1460
1461
1462
1463
1464
1466
1467
1468
1469
1470
1475
1476
1477
1478
1479
1539
1540
1541
1542
1543
1546
1547
1548
1549
1550
1610
1611
1612
1613
1614
1652
1653
1654
1655
1656
1674
1675
1676
1677
1678