43
44
45
46
47
107
108
109
110
111
119
120
121
122
123
129
130
131
132
133
193
194
195
196
197
257
258
259
260
261
321
322
323
324
325
385
386
387
388
389
449
450
451
452
453
513
514
515
516
517
577
578
579
580
581
641
642
643
644
645
650
651
652
653
654
696
697
698
699
700
726
727
728
729
730
790
791
792
793
794
841
842
843
844
845
885
886
887
888
889
944
945
946
947
948
987
988
989
990
991
1006
1007
1008
1009
1010
1070
1071
1072
1073
1074
1075
1076
1077
1078
1093
1094
1095
1096
1097
1098
1099
1100
1101
1102
1111
1112
1113
1114
1115
1164
1165
1166
1167
1168
1228
1229
1230
1231
1232
1233
1234
1235
1254
1255
1256
1257
1258
1318
1319
1320
1321
1322
1334
1335
1336
1337
1338
1393
1394
1395
1396
1397