0
14
61
125
189
253
261
284
296
360
370
423
487
516
519
524
526
553
554
555
559
577
630
646
678
682
683
684
748
753
754
777
779
835
858
886
899
954
1018
1040
1044
1049
1064
1086
1091
1147
1148
1212
1248
1262
1264
1269
1333
1347
1357
1421
1432
1433
1497
1561
1571
1601
1665
1670
1711
1725
1738
1741
1743
1757
1769
1781
1789
1853
1870
1874
1931
1933
1959
1961
1983
2035
2043
2083
2090
2097
2139
2141
2162
2226
2282
2295
2344
2351
2405
2406
2446
2456
2462
2470
2500
2506
2564
2572
2574
2582
2584
2586
2596
2597