0
5
9
56
55
74
83
102
106
113
116
141
141
170
182
202
205
223
227
287
308
311
313
313
325
333
369
407
523
541
543
566
568
568
571
574
578
593
600
627
686
753
840
875
941
1022
1025
1035
1046
1049
1049
1063
1089
1096
1118
1119
1131
1138
1147
1154
1169
1171
1187
1199
1205
1216
1225
1229
1232
1243
1250
1259
1289
1361
1368
1374
1410
1429
1444
1471
1476
1491
1493
1507
1507
1527
1535
1555
1598
1601
1617
1637
1642
1686
1698
1699
1704
1715
1722
1724
1754
1756
1759
1779
1782
1788
1820
1827
1830
1832
1832
1834
1850
1853
1872
1876
1902
1998
2022
2022
2047
2051
2073
2094