11
12
13
14
15
37
38
39
40
41
101
102
103
104
105
165
166
167
168
169
199
200
201
202
203
263
264
265
266
267
327
328
329
330
331
375
376
377
378
379
439
440
441
442
443
447
448
449
450
451
464
465
466
467
468
528
529
530
531
532
575
576
577
578
579
639
640
641
642
643
703
704
705
706
707
767
768
769
770
771
786
787
788
789
790
850
851
852
853
854
883
884
885
886
887
902
903
904
905
906
966
967
968
969
970
973
974
975
976
977
1025
1026
1027
1028
1029
1089
1090
1091
1092
1093
1153
1154
1155
1156
1157
1217
1218
1219
1220
1221
1276
1277
1278
1279
1280
1340
1341
1342
1343
1344
1404
1405
1406
1407
1408
1468
1469
1470
1471
1472
1532
1533
1534
1535
1536
1545
1546
1547
1548
1549
1553
1554
1555
1556
1557
1567
1568
1569
1570
1571
1631
1632
1633
1634
1635
1647
1648
1649
1650
1651
1658
1659
1660
1661
1662
1722
1723
1724
1725
1726
1727
1728
1729
1730
1731
1738
1739
1740
1741
1742
1802
1803
1804
1805
1806
1858
1859
1860
1861
1862