2
28
33
41
105
169
233
244
295
314
378
442
506
513
548
589
649
705
769
801
865
886
950
984
989
998
1062
1126
1190
1254
1255
1319
1383
1441
1451
1515
1552
1616
1639
1703
1767
1783
1829
1893
1957
2021
2085
2120
2184
2196
2260
2324
2388
2399
2406
2470
2501
2565
2575
2639
2703
2707
2771
2781
2796
2860
2924
2988
3052
3116
3180
3240
3244
3306
3370
3434
3478
3495
3559
3623
3687
3751
3802
3839
3861
3925
3953
3980
4044
4108
4172
4236
4300
4364
4428
4464
4528
4546
4569
4582
4646
4710
4774
4838
4902
4966
5030
5094
5122
5131
5133
5137
5139
5203
5210
5213
5277
5341
5364
5428
5492
5556
5620
5684
5746
5771