0
1
2
3
4
26
27
28
29
30
31
32
33
34
35
39
40
41
42
43
103
104
105
106
107
167
168
169
170
171
231
232
233
234
235
242
243
244
245
246
293
294
295
296
297
312
313
314
315
316
376
377
378
379
380
440
441
442
443
444
504
505
506
507
508
511
512
513
514
515
546
547
548
549
550
587
588
589
590
591
647
648
649
650
651
703
704
705
706
707
767
768
769
770
771
799
800
801
802
803
863
864
865
866
867
884
885
886
887
888
948
949
950
951
952
982
983
984
985
986
987
988
989
990
991
996
997
998
999
1000
1060
1061
1062
1063
1064
1124
1125
1126
1127
1128
1188
1189
1190
1191
1192
1252
1253
1254
1255
1256
1257
1317
1318
1319
1320
1321
1381
1382
1383
1384
1385
1439
1440
1441
1442
1443
1449
1450
1451
1452
1453
1513
1514
1515
1516
1517
1550
1551
1552
1553
1554
1614
1615
1616
1617
1618
1637
1638
1639
1640
1641
1701
1702
1703
1704
1705
1765
1766
1767
1768
1769
1781
1782
1783
1784
1785
1827
1828
1829
1830
1831
1891
1892
1893
1894
1895
1955
1956
1957
1958
1959
2019
2020
2021
2022
2023
2083
2084
2085
2086
2087
2118
2119
2120
2121
2122
2182
2183
2184
2185
2186
2194
2195
2196
2197
2198
2258
2259
2260
2261
2262
2322
2323
2324
2325
2326
2386
2387
2388
2389
2390
2397
2398
2399
2400
2401
2404
2405
2406
2407
2408
2468
2469
2470
2471
2472
2499
2500
2501
2502
2503
2563
2564
2565
2566
2567
2573
2574
2575
2576
2577
2637
2638
2639
2640
2641
2701
2702
2703
2704
2705
2706
2707
2708
2709
2769
2770
2771
2772
2773
2779
2780
2781
2782
2783
2794
2795
2796
2797
2798
2858
2859
2860
2861
2862
2922
2923
2924
2925
2926
2986
2987
2988
2989
2990
3050
3051
3052
3053
3054
3114
3115
3116
3117
3118
3178
3179
3180
3181
3182
3238
3239
3240
3241
3242
3243
3244
3245
3246
3304
3305
3306
3307
3308
3368
3369
3370
3371
3372
3432
3433
3434
3435
3436
3476
3477
3478
3479
3480
3493
3494
3495
3496
3497
3557
3558
3559
3560
3561
3621
3622
3623
3624
3625
3685
3686
3687
3688
3689
3749
3750
3751
3752
3753
3800
3801
3802
3803
3804
3837
3838
3839
3840
3841
3859
3860
3861
3862
3863
3923
3924
3925
3926
3927
3951
3952
3953
3954
3955
3978
3979
3980
3981
3982
4042
4043
4044
4045
4046
4106
4107
4108
4109
4110
4170
4171
4172
4173
4174
4234
4235
4236
4237
4238
4298
4299
4300
4301
4302
4362
4363
4364
4365
4366
4426
4427
4428
4429
4430
4462
4463
4464
4465
4466
4526
4527
4528
4529
4530
4544
4545
4546
4547
4548
4567
4568
4569
4570
4571
4580
4581
4582
4583
4584
4644
4645
4646
4647
4648
4708
4709
4710
4711
4712
4772
4773
4774
4775
4776
4836
4837
4838
4839
4840
4900
4901
4902
4903
4904
4964
4965
4966
4967
4968
5028
5029
5030
5031
5032
5092
5093
5094
5095
5096
5120
5121
5122
5123
5124
5129
5130
5131
5132
5133
5134
5135
5136
5137
5138
5139
5140
5141
5201
5202
5203
5204
5205
5208
5209
5210
5211
5212
5213
5214
5215
5275
5276
5277
5278
5279
5339
5340
5341
5342
5343
5362
5363
5364
5365
5366
5426
5427
5428
5429
5430
5490
5491
5492
5493
5494
5554
5555
5556
5557
5558
5618
5619
5620
5621
5622
5682
5683
5684
5685
5686
5744
5745
5746
5747
5748
5769
5770
5771
5772
5773