2
7
64
86
91
124
135
138
147
211
260
271
314
316
341
356
372
436
449
468
483
519
555
619
683
747
811
875
914
967
1013
1077
1078
1080
1131
1151
1215
1279
1326
1359
1374
1438
1502
1516
1532
1533
1535
1551
1581
1584
1615
1632
1659
1691
1755
1773
1775
1778
1809
1818
1874
1880
1925
1937
1939
1940
1978
1988
2005
2013
2027
2032
2074
2089
2132
2134
2181
2201
2258
2288
2352
2388
2389
2392
2407
2437
2441
2447
2453
2476
2497
2510
2540
2556
2561
2562
2587
2595
2602
2617
2669
2671
2694
2699
2707
2708
2713
2716
2727
2731
2740
2754
2758
2766
2794
2795
2796
2797
2821
2840
2846
2850
2865
2886
2916
2959
2969
2988
2993
3000
3014
3029
3057
3065
3073
3088
3089