28
29
30
31
32
33
34
35
36
37
47
48
49
50
51
111
112
113
114
115
133
134
135
136
137
148
149
150
151
152
153
154
155
156
200
201
202
203
204
227
228
229
230
231
269
270
271
272
273
333
334
335
336
337
397
398
399
400
401
461
462
463
464
465
525
526
527
528
529
589
590
591
592
593
597
598
599
600
601
612
613
614
615
616
625
626
627
628
629
689
690
691
692
693
717
718
719
720
721
731
732
733
734
735
761
762
763
764
765
766
767
768
769
770
771
772
832
833
834
835
836
896
897
898
899
900
960
961
962
963
964
1015
1016
1017
1018
1019
1034
1035
1036
1037
1038
1098
1099
1100
1101
1102
1162
1163
1164
1165
1166
1226
1227
1228
1229
1230
1255
1256
1257
1258
1259
1260
1261
1262
1263
1264
1302
1303
1304
1305
1306
1307
1308
1309
1310
1311
1346
1347
1348
1349
1350
1358
1359
1360
1361
1362
1394
1395
1396
1397
1398
1453
1454
1455
1456
1457
1460
1461
1462
1463
1464
1480
1481
1482
1483
1484
1489
1490
1491
1492
1493
1503
1504
1505
1506
1507
1523
1524
1525
1526
1527
1587
1588
1589
1590
1591
1606
1607
1608
1609
1610
1632
1633
1634
1635
1636
1675
1676
1677
1678
1679
1739
1740
1741
1742
1743
1803
1804
1805
1806
1807
1810
1811
1812
1813
1814
1843
1844
1845
1846
1847
1907
1908
1909
1910
1911
1956
1957
1958
1959
1960
1980
1981
1982
1983
1984
1985
1986
1987
1988
1989
1996
1997
1998
1999
2000
2021
2022
2023
2024
2025
2028
2029
2030
2031
2032
2051
2052
2053
2054
2055
2085
2086
2087
2088
2089
2137
2138
2139
2140
2141
2152
2153
2154
2155
2156
2170
2171
2172
2173
2174
2198
2199
2200
2201
2202
2203
2204
2205
2222
2223
2224
2225
2226
2246
2247
2248
2249
2250
2269
2270
2271
2272
2273
2276
2277
2278
2279
2280
2281
2282
2306
2307
2308
2309
2310
2370
2371
2372
2373
2374
2434
2435
2436
2437
2438
2495
2496
2497
2498
2499
2559
2560
2561
2562
2563
2578
2579
2580
2581
2582
2583
2584
2585
2586
2600
2601
2602
2603
2604
2664
2665
2666
2667
2668
2686
2687
2688
2689
2690
2693
2694
2695
2696
2697
2700
2701
2702
2703
2704
2708
2709
2710
2711
2712
2720
2721
2722
2723
2724
2748
2749
2750
2751
2752
2764
2765
2766
2767
2768
2828
2829
2830
2831
2832
2892
2893
2894
2895
2896
2914
2915
2916
2917
2918