0
5
7
9
49
50
85
90
91
96
104
105
116
117
120
163
165
211
213
215
217
220
222
239
303
367
431
439
503
567
631
681
687
709
741
760
781
836
900
964
978
983
988
993
1000
1047
1049
1052
1053
1054
1064
1090
1111
1166
1230
1294
1354
1356
1360
1386
1396
1398
1408
1409
1413
1416
1426
1437
1444
1446
1460
1463
1464
1515
1538
1551
1553
1574
1580
1585
1587
1590
1591
1633
1634
1647
1679
1683
1691
1696
1707
1724
1788
1852
1916
1980
2043
2069
2074
2075
2082
2088
2112
2118
2125
2126
2129
2134
2155
2218
2228
2253
2255
2258
2270
2295
2300
2316
2330
2394
2458
2481
2508
2572
2583
2595
2603
2605
2669
2715
2721
2735
2739
2778
2842
2845
2864
2869
2898
2921
2940
2945
2948
2952
3016
3052
3058
3074
3104
3135
3136
3174
3238
3302
3303
3310
3313
3342
3392