9
11
13
16
17
20
21
23
24
34
38
43
51
55
119
122
127
185
186
194
224
265
266
276
278
279
297
312
315
335
371
372
376
423
456
458
459
465
529
593
604
623
625
627
691
755
819
838
844
898
900
901
902
966
1030
1093
1097
1104
1167
1172
1173
1174
1236
1266
1330
1393
1457
1465
1514
1572
1636
1666
1704
1706
1725
1789
1853
1917
1981
2045
2109
2173
2203
2267
2272
2300
2364
2428
2492
2556
2613
2677
2741
2805
2869
2933
2997
3061
3125
3189
3253
3317
3373
3437
3501
3565
3575
3576
3603
3628
3631
3639
3641
3652
3666
3721
3729
3746
3747
3748
3756
3820
3877
3879
3943
4007
4071
4135
4140
4177
4178
4179
4180
4186
4218
4230
4256
4258
4295
4319
4335