0
5
7
71
73
97
101
121
185
249
313
337
401
465
479
543
607
671
681
745
778
842
906
914
949
953
956
1020
1063
1069
1105
1169
1233
1237
1301
1365
1429
1488
1491
1492
1501
1530
1533
1539
1603
1667
1668
1709
1719
1735
1749
1753
1756
1760
1765
1768
1791
1855
1857
1865
1895
1910
1914
1938
1943
2007
2016
2028
2046
2075
2076
2090
2099
2100
2102
2112
2114
2176
2181
2183
2197
2203
2204
2206
2249
2253
2287
2351
2362
2396
2403
2467
2527
2532
2543
2607
2651
2667
2696
2712
2776
2805
2809
2820
2821
2827
2828
2833
2838
2902
2937
2938
2951
2953
2958
3022
3060
3062
3109
3113
3115
3131
3134
3137
3139
3143
3144
3147
3151
3153
3163
3166
3169
3170
3204
3268
3332
3336
3338
3339
3340
3343
3345
3409
3421
3429
3437
3501
3533
3546
3586
3624
3658
3700
3718
3722
3728
3732
3739
3740
3789
3808
3809
3873
3877
3921
3925
3941
3945
3951
3966
4010
4012
4018
4021
4025
4036
4048
4049
4051
4056
4080
4144
4156
4171
4215
4270
4275
4277
4290
4293
4328
4381
4408
4430
4445
4468
4483
4489
4512
4525
4547