4
7
64
80
144
146
165
187
191
226
243
307
344
372
436
500
550
580
598
662
726
790
854
860
877
918
927
985
1037
1054
1070
1134
1181
1221
1230
1279
1299
1363
1366
1380
1412
1431
1495
1505
1525
1538
1586
1629
1630
1681
1695
1717
1751
1781
1787
1822
1836
1849
1854
1897
1901
1965
1983
1986
2021
2058
2097
2116
2117
2118
2156
2179
2185
2187
2191
2213
2231
2237
2281
2338
2343
2356
2363
2398
2400
2412
2476
2480
2489
2512
2552
2553
2575
2620
2635
2649
2673
2691
2707
2760
2782
2801
2834
2836
2839
2883
2897
2911
2945
2982
2983
2986
2993
3007
3017
3018
3053
3117
3124
3142
3150
3214
3278
3306
3370
3434
3458
3463
3465
3525
3539
3603
3620
3684
3721
3729
3793
3830
3849
3871
3895
3941
3965
3977
4003
4004
4014
4032
4068
4132
4163
4201
4219
4261
4325
4353
4417
4477
4479
4480
4487
4551
4561
4565
4593
4608
4613
4621
4661
4665
4667
4731
4753
4757
4804
4840
4846
4850
4869
4871
4880
4893
4941
4942
4955
4985
5002
5025
5046
5110
5134
5151
5209
5213
5277
5311
5369
5390
5394
5442
5450
5471
5481
5499
5530
5535
5557
5559
5565
5571
5584
5631
5637
5640
5641
5705
5709
5710
5713
5763
5793
5820
5845
5883
5927