0
19
22
28
38
51
52
54
56
91
97
98
100
101
112
113
117
132
137
139
140
177
187
251
291
338
344
375
400
403
459
467
472
482
484
496
524
545
546
549
582
589
622
623
670
689
753
817
838
871
935
944
975
978
1042
1057
1090
1105
1169
1218
1259
1277
1286
1318
1342
1380
1394
1417
1429
1432
1456
1476
1480
1510
1521
1559
1562
1588
1599
1607
1608
1613
1643
1663
1697
1718
1721
1743
1744
1756
1758
1759
1768
1811
1813
1815
1823
1853
1856
1861
1878
1884
1896
1897
1898
1899
1918
1921
1926
1942
1990
1998
2002
2004
2008
2023
2029
2033
2045
2047
2065
2066
2084
2095
2104
2118
2121
2123
2143
2147
2170
2171
2172
2181
2227
2228
2235
2238
2250
2255
2260
2306
2331
2355
2419
2423
2432
2442
2449
2495
2497
2515
2529
2530
2537
2588
2597
2632
2634
2638
2644
2650
2673
2705
2711
2715
2719
2722
2723
2730
2733
2736
2738
2741
2757
2764
2767
2809
2873
2887
2891
2906
2911
2912
2913
2914
2916
2921
2928
2939
2941
2942
2945
2954
2973
2974
2980
2992
2994
3058
3063
3064