0
1
2
8
9
10
11
12
17
18
19
20
21
81
82
83
84
85
145
146
147
148
149
209
210
211
212
213
273
274
275
276
277
288
289
290
291
292
323
324
325
326
327
366
367
368
369
370
401
402
403
404
405
431
432
433
434
435
482
483
484
485
486
521
522
523
524
525
536
537
538
539
540
559
560
561
562
563
623
624
625
626
627
671
672
673
674
675
735
736
737
738
739
783
784
785
786
787
812
813
814
815
816
857
858
859
860
861
892
893
894
895
896
933
934
935
936
937
997
998
999
1000
1001
1008
1009
1010
1011
1012
1037
1038
1039
1040
1041
1096
1097
1098
1099
1100
1158
1159
1160
1161
1162
1222
1223
1224
1225
1226
1286
1287
1288
1289
1290
1350
1351
1352
1353
1354
1414
1415
1416
1417
1418
1474
1475
1476
1477
1478
1479
1480
1481
1487
1488
1489
1490
1491
1514
1515
1516
1517
1518
1578
1579
1580
1581
1582
1603
1604
1605
1606
1607
1638
1639
1640
1641
1642
1658
1659
1660
1661
1662