14
15
16
17
18
19
20
21
33
34
35
36
37
56
57
58
59
60
120
121
122
123
124
184
185
186
187
188
248
249
250
251
252
312
313
314
315
316
376
377
378
379
380
440
441
442
443
444
453
454
455
456
457
517
518
519
520
521
581
582
583
584
585
645
646
647
648
649
677
678
679
680
681
741
742
743
744
745
805
806
807
808
809
869
870
871
872
873
933
934
935
936
937
958
959
960
961
962
977
978
979
980
981
1041
1042
1043
1044
1045
1105
1106
1107
1108
1109
1133
1134
1135
1136
1137
1164
1165
1166
1167
1168
1228
1229
1230
1231
1232
1235
1236
1237
1238
1239
1299
1300
1301
1302
1303
1325
1326
1327
1328
1329
1355
1356
1357
1358
1359
1407
1408
1409
1410
1411
1412
1413
1414
1448
1449
1450
1451
1452
1474
1475
1476
1477
1478
1479
1496
1497
1498
1499
1500
1501
1517
1518
1519
1520
1521
1581
1582
1583
1584
1585
1645
1646
1647
1648
1649
1709
1710
1711
1712
1713
1773
1774
1775
1776
1777
1778
1779
1780
1781
1782
1783
1784
1785
1786
1787
1847
1848
1849
1850
1851
1852
1857
1858
1859
1860
1861
1921
1922
1923
1924
1925
1957
1958
1959
1960
1961
1964
1965
1966
1967
1968
1969
1970
1971
1972
2004
2005
2006
2007
2008
2009
2010
2011
2012
2013
2014
2015
2016
2017
2077
2078
2079
2080
2081
2089
2090
2091
2092
2093
2096
2097
2098
2099
2100