37
38
39
40
41
95
96
97
98
99
159
160
161
162
163
223
224
225
226
227
228
288
289
290
291
292
352
353
354
355
356
357
358
359
360
420
421
422
423
424
439
440
441
442
443
444
445
448
449
450
451
452
479
480
481
482
483
543
544
545
546
547
607
608
609
610
611
671
672
673
674
675
735
736
737
738
739
794
795
796
797
798
824
825
826
827
828
829
830
890
891
892
893
894
954
955
956
957
958
1018
1019
1020
1021
1022
1082
1083
1084
1085
1086
1146
1147
1148
1149
1150
1210
1211
1212
1213
1214
1253
1254
1255
1256
1257
1317
1318
1319
1320
1321
1327
1328
1329
1330
1331
1391
1392
1393
1394
1395
1398
1399
1400
1401
1402
1431
1432
1433
1434
1435
1460
1461
1462
1463
1464
1507
1508
1509
1510
1511
1542
1543
1544
1545
1546
1599
1600
1601
1602
1603
1625
1626
1627
1628
1629
1652
1653
1654
1655
1656
1716
1717
1718
1719
1720
1780
1781
1782
1783
1784
1844
1845
1846
1847
1848
1908
1909
1910
1911
1912
1972
1973
1974
1975
1976
2036
2037
2038
2039
2040
2100
2101
2102
2103
2104
2164
2165
2166
2167
2168
2215
2216
2217
2218
2219
2222
2223
2224
2225
2226
2268
2269
2270
2271
2272
2332
2333
2334
2335
2336
2396
2397
2398
2399
2400
2431
2432
2433
2434
2435
2442
2443
2444
2445
2446
2499
2500
2501
2502
2503
2561
2562
2563
2564
2565
2566
2567
2568
2574
2575
2576
2577
2578
2621
2622
2623
2624
2625
2630
2631
2632
2633
2634
2647
2648
2649
2650
2651
2711
2712
2713
2714
2715
2755
2756
2757
2758
2759
2777
2778
2779
2780
2781
2782