0
32
33
37
54
105
109
114
116
136
137
167
168
239
339
351
386
422
425
430
431
459
505
622
648
656
657
668
827
838
839
850
872
881
885
888
890
913
915
917
919
943
961
962
966
1011
1018
1026
1027
1038
1040
1050
1064
1069
1075
1100
1112
1114
1122
1131
1153
1155
1165
1166
1200
1236
1242
1275
1280
1281
1304
1305
1314
1317
1428
1474
1480
1491
1671
1742
1747
1753
1755
1799
1904
1905
1936
1953
1957
1962
2001
2006
2010
2013
2059
2103
2146
2159
2164
2218
2225
2230
2236
2237
2239
2255
2258
2297
2300
2321
2323
2325
2329
2331
2346
2388
2407
2466
2478
2479
2485