26
27
28
29
30
31
32
33
77
78
79
80
81
116
117
118
119
120
141
142
143
144
145
148
149
150
151
152
212
213
214
215
216
266
267
268
269
270
305
306
307
308
309
369
370
371
372
373
411
412
413
414
415
425
426
427
428
429
447
448
449
450
451
472
473
474
475
476
495
496
497
498
499
559
560
561
562
563
623
624
625
626
627
630
631
632
633
634
694
695
696
697
698
703
704
705
706
707
760
761
762
763
764
824
825
826
827
828
847
848
849
850
851
861
862
863
864
865
879
880
881
882
883
916
917
918
919
920
931
932
933
934
935
947
948
949
950
951
1001
1002
1003
1004
1005
1038
1039
1040
1041
1042
1072
1073
1074
1075
1076
1093
1094
1095
1096
1097
1103
1104
1105
1106
1107
1149
1150
1151
1152
1153
1155
1156
1157
1158
1159
1181
1182
1183
1184
1185
1224
1225
1226
1227
1228
1264
1265
1266
1267
1268
1272
1273
1274
1275
1276
1336
1337
1338
1339
1340
1342
1343
1344
1345
1346
1370
1371
1372
1373
1374
1392
1393
1394
1395
1396
1456
1457
1458
1459
1460
1516
1517
1518
1519
1520
1580
1581
1582
1583
1584
1620
1621
1622
1623
1624
1645
1646
1647
1648
1649
1674
1675
1676
1677
1678
1709
1710
1711
1712
1713
1716
1717
1718
1719
1720
1743
1744
1745
1746
1747
1753
1754
1755
1756
1757
1796
1797
1798
1799
1800
1804
1805
1806
1807
1808
1818
1819
1820
1821
1822
1849
1850
1851
1852
1853
1854
1914
1915
1916
1917
1918
1954
1955
1956
1957
1958
1970
1971
1972
1973
1974
2004
2005
2006
2007
2008
2026
2027
2028
2029
2030
2032
2033
2034
2035
2036