0
54
61
69
70
83
83
96
123
152
161
170
170
173
195
202
483
514
542
558
570
570
571
578
588
590
984
1160
1271
1463
1472
1915
1930
1951
2168
2349
2356
2468
2500
2516
2558
2601
2646
2788
2792
2799
2851
2855
2874
2895
2967
3129
3134
3246
3254
3287
3370
3370
3372
3392
3397
3424
3444
3463
3469
3490
3492
3496
3499
3548
3567
3607
3617
3623
3630
3634
3646
3647
3650
3658
3665
3676
3682
3682
3686
3687
3688
3691
3694
3701
3705
3708
3709
3713
3715
3718
3758
3769
3814
3819
3821
3821
3822
3825
3827
3829
3834
3839
3840
3844
3856
3893
3896
3899
3900
3905
3913
3914
3928
3927
3931
3937
3942
3943