1
6
8
10
13
18
47
54
56
77
81
87
88
102
125
189
200
222
225
238
247
248
265
269
284
290
292
309
335
340
342
349
354
386
388
389
406
424
431
439
443
481
495
498
504
527
539
576
580
587
596
602
605
614
641
685
691
751
792
798
800
827
871
913
957
972
1036
1082
1090
1094
1107
1108
1143
1161
1216
1217
1251
1274
1276
1285
1349
1358
1378
1381
1445
1454
1494
1498
1529
1544
1556
1572
1581
1599
1619
1661
1725
1728
1780
1844
1889
1891
1955
1966
2002
2032
2096
2123
2133
2143
2145
2178
2187
2215
2265
2281
2327
2362
2390
2395
2425
2430
2494
2506
2536
2549
2551
2594
2658
2718
2743
2807
2871
2887
2927
2978
3042
3076
3101
3156
3163
3169
3207
3235
3255
3319
3334
3339