4
5
7
11
14
26
28
39
46
50
65
112
113
114
178
206
225
228
236
249
313
316
380
407
415
417
438
439
463
464
472
503
532
549
564
590
642
665
668
677
679
704
732
734
743
749
752
776
777
790
795
799
825
827
839
847
849
870
874
878
924
930
934
935
939
959
962
969
975
976
985
987
988
996
997
1000
1001
1002
1010
1011
1012
1014
1020
1025
1048
1052
1060
1124
1150
1158
1160
1175
1196
1197
1261
1276
1278
1280
1314
1315
1320
1322
1343
1345
1353
1361
1386
1388
1422
1448
1471
1517
1547
1553
1554
1557
1570
1571
1581
1583
1596
1599
1605
1617
1626
1637
1640
1653
1654
1662
1667
1670
1673
1674
1677
1685
1690
1721
1725
1727
1765
1768
1804
1808
1813
1815